-2.5 5.5 -2.4 6.1
1 9.64066 1 3.1
2 11.8993 1 3.6
3 8.25107 1.5 3.1
4 7.24514 1 3.1
5 10.4012 -0.5 3.1
6 8.44825 1 3.1
7 6.30683 1 2.6
8 8.06716 1 2.6
9 5.62517 0.5 3.1
10 7.79878 -0.5 3.1
11 8.68098 0.5 3.1
12 9.43822 0.5 3.6
13 8.08215 0 3.1
14 9.5522 0.5 2.6
15 10.3957 1 3.1
16 6.88487 1 2.6
17 8.88233 0 2.6
18 8.49907 0.5 3.1
19 5.49308 0.5 3.1
20 7.38576 0 3.1
21 9.00977 1 3.1
22 8.94253 -0.5 3.1
23 5.7725 1 3.1
24 5.79901 1.5 3.1
25 8.10226 0.5 3.1
26 9.13142 1 3.1
27 9.28603 1 3.1
28 8.81964 0 2.6
29 6.74142 1.5 3.1
30 9.39971 1.5 3.1
31 8.51187 0.5 2.6
32 9.03243 0.5 2.6
33 9.1034 0.5 3.1
34 12.7618 1.5 2.6
35 11.4044 1.5 2.6
36 4.70622 1 2.6
37 8.66195 0.5 2.6
38 7.83001 1 2.6
39 9.82536 1.5 2.6
40 4.88386 2 3.1
41 9.57555 0.5 2.6
42 8.98906 1 2.6
43 9.13671 0 3.1
44 8.31506 0 3.1
45 8.58336 -0.5 2.6
46 5.89237 0.5 3.1
47 9.01536 0 3.1
48 8.13254 0 3.1
49 7.18612 0 2.6
50 7.73058 1 2.6
51 8.59828 0 2.6
52 8.12304 1 3.1
53 9.83828 0.5 3.1
54 8.863 0 3.1
55 10.6616 1.5 2.6
56 10.1765 2 3.1
57 5.7802 0.5 3.1
58 8.30171 0.5 3.1
59 9.18333 1 3.1
60 10.9513 1.5 3.1
61 10.1687 1 3.1
62 7.36709 1 3.1
63 10.0015 0.5 2.6
64 5.99721 1 3.1
65 7.80566 0.5 3.1
66 8.96526 1 2.6
67 8.06228 -0.5 3.1
68 8.16785 0.5 3.1
69 11.3309 -0.5 3.1
70 7.28295 1 3.1
71 8.81145 1 2.6
72 8.18042 0.5 2.6
73 11.1704 -0.5 3.1
74 6.83423 0.5 3.1
75 9.6986 1.5 3.1
76 6.25518 1.5 3.6
77 9.76837 0.5 3.1
78 9.627 1 2.6
79 8.95499 1.5 3.1
80 12.1476 0.5 3.1
81 7.68065 1 3.1
82 10.6343 -1 3.1
83 8.32505 0.5 2.6
84 8.55582 1 2.6
85 9.52603 0.5 3.1
86 8.69716 0.5 3.1
87 9.87596 0.5 3.1
88 7.81471 1 3.1
89 8.4597 2 3.1
90 7.34928 1 2.6
91 8.64994 0 3.1
92 8.18925 1.5 2.6
93 7.30155 1 3.1
94 8.37843 0 3.1
95 7.80014 0.5 3.1
96 9.15623 1 3.1
97 8.22582 0.5 3.1
