0.5 4.25 0.4 -0.49 -0.86 0 0
1.75 5.5 0.4 -0.49 0.86 0 94.7368
1.75 6.75 0.4 -0.86 -0.5 0 88.8889
1.25 7.75 0.4 -0.86 0.5 0 92.3077
0.75 4 0.4 1 0 0 97.1429
0.75 2 0.4 0.86 0.5 0 95.2381
1 5.5 0.4 0.86 0.5 0 93.3333
0.75 3 0.4 -0.86 0.5 0 97.7778
1 2 0.4 -0.86 0.5 0 90.9091
1 2 0.4 1 0 0 98.5507
0.75 8.5 0.4 -0.86 0.5 0 96.2963
2.25 7 0.4 -1 0 0 96.7742
-2 1.25 0.4 -0.86 0.5 0 98.0392
-2 0.5 0.4 -0.49 0.86 0 95.2381
1.5 6.25 0.4 -0.49 0.86 0 90.9091
0.75 1.5 0.4 1 0 0 99.0991
0.75 8.5 0.4 -0.86 0.5 0 96.2963
2 1 0.4 -0.49 0.86 0 95.2381
1.5 7.25 0.4 -0.86 0.5 0 96
2 1 0.4 -0.49 0.86 0 94.7368
-2.5 1.5 0.4 -0.86 0.5 0 96.5517
2 6.75 0.4 0.5 0.86 0 96.2963
-2.5 1.5 0.4 -0.86 0.5 0 96.2963
1.75 8 0.4 -0.49 0.86 0 88.8889
-2.5 3.75 0.4 -0.49 0.86 0 93.3333
1.75 5.5 0.4 -0.49 0.86 0 94.7368
0.25 4.5 0.4 0.86 0.5 0 88.8889
0.25 5.25 0.4 -1 0 0 88.8889
2 6.75 0.4 0.5 0.86 0 96.2963
0.75 1.5 0.4 1 0 0 99.0991
1.25 8.25 0.4 -0.49 0.86 0 95.2381
0.75 1 0.4 1 0 0 97.8723
0.25 4.5 0.4 0.86 0.5 0 88.8889
0.75 1.75 0.4 1 0 0 99.0476
2 1 0.4 -0.49 0.86 0 94.7368
2 6.75 0.4 0.5 0.86 0 96.5517
2.25 7 0.4 -1 0 0 96.7742
1.5 8 0.4 -0.86 0.5 0 90.9091
0.75 2 0.4 0.86 0.5 0 95.2381
-2.5 5.75 0.4 0.86 0.5 0 94.7368
-2 0.25 0.4 -0.49 0.86 0 96.5517
-2.5 4.75 0.4 0.5 0.86 0 90.9091
-2.5 1 0.4 0 1 0 97.2973
1.25 8.25 0.4 -0.49 0.86 0 95.2381
2.25 6.25 0.4 0.5 0.86 0 95.2381
-2.5 1.5 0.4 -0.86 0.5 0 96.2963
-2.5 3.75 0.4 -0.49 0.86 0 94.1176
0.75 1.5 0.4 1 0 0 99.0991
1.25 8.25 0.4 -0.49 0.86 0 95.2381
2.5 1.5 0.4 0 1 0 85.7143
0.75 3 0.4 -0.86 0.5 0 97.7778
1.5 3.75 0.4 -0.86 0.5 0 96.5517
2.25 6.25 0.4 0.5 0.86 0 95.6522
1.25 8.25 0.4 -0.86 0.5 0 94.7368
0.25 5.25 0.4 -1 0 0 88.8889
2.5 6.25 0.4 0.5 0.86 0 88.8889
0.75 1.5 0.4 1 0 0 99.0991
1.75 1 0.4 -0.49 0.86 0 94.1176
1.75 5.5 0.4 -0.49 0.86 0 94.7368
0.25 4.5 0.4 0.86 0.5 0 88.8889
2.25 6.25 0.4 0.5 0.86 0 95.2381
1.25 8.25 0.4 -0.49 0.86 0 95.2381
2 2 0.4 -0.86 0.5 0 97.561
1 1.25 0.4 1 0 0 97.7778
1.25 8.25 0.4 -0.49 0.86 0 95.2381
0.75 8.5 0.4 -0.86 0.5 0 96.2963
1.25 6.25 0.4 0.5 0.86 0 90.9091
2 6.25 0.4 0 1 0 93.3333
0.75 1.5 0.4 1 0 0 99.0991
1.25 8.25 0.4 -0.49 0.86 0 95.2381
1.25 8.25 0.4 -0.49 0.86 0 95.2381
0.25 5.25 0.4 -1 0 0 88.8889
1.25 2 0.4 1 0 0 98.6667
0.75 8.5 0.4 -0.86 0.5 0 96.2963
-2.5 1.5 0.4 -0.86 0.5 0 96.2963
0.75 4 0.4 1 0 0 96.9697
1 2 0.4 1 0 0 98.5507
1.5 8 0.4 -0.86 0.5 0 90.9091
2.25 7 0.4 -1 0 0 96.7742
-2.5 4.75 0.4 0.5 0.86 0 90.9091
0.75 3 0.4 -0.86 0.5 0 97.8723
1.25 8.25 0.4 -0.49 0.86 0 95.2381
2 6.75 0.4 0.5 0.86 0 96.2963
-2.75 2 0.4 0.5 0.86 0 92.3077
-2.5 1.5 0.4 -0.86 0.5 0 96.2963
2.5 1.5 0.4 0 1 0 80
2 7.5 0.4 -0.86 0.5 0 94.1176
-2 1.25 0.4 -0.86 0.5 0 98.0392
-2 1.25 0.4 -0.86 0.5 0 98.0392
1.25 6.25 0.4 0.5 0.86 0 90.9091
2 6.75 0.4 0.5 0.86 0 96.2963
2.25 7 0.4 -1 0 0 96.7742
1 5.5 0.4 0.86 0.5 0 94.1176
-2.5 1.5 0.4 -0.86 0.5 0 96.2963
0.75 3 0.4 -0.86 0.5 0 97.7778
-2 1.25 0.4 -0.86 0.5 0 98.0392
1.5 7.25 0.4 -0.86 0.5 0 96.2963
1.5 7.25 0.4 -0.86 0.5 0 96
1.25 6.25 0.4 0.5 0.86 0 90.9091
-2.5 5.75 0.4 0.86 0.5 0 94.7368
-2.75 6.25 0.4 0.5 0.86 0 96.7742
2 7.5 0.4 -0.86 0.5 0 94.1176
0.75 1.5 0.4 1 0 0 99.0991
2.5 1.5 0.4 0 1 0 80
-2.5 1.5 0.4 -0.86 0.5 0 96.2963
0.75 3 0.4 -0.86 0.5 0 97.8723
0.75 3 0.4 -0.86 0.5 0 97.7778
0.75 1.5 0.4 1 0 0 99.0991
1.5 3.75 0.4 -0.86 0.5 0 96.5517
1 1.25 0.4 1 0 0 97.7778
2.5 2.5 0.4 0.5 0.86 0 96
2 6.25 0.4 0 1 0 92.3077
0.75 1.5 0.4 1 0 0 99.0991
1.25 8.25 0.4 -0.49 0.86 0 95.2381
-2.25 1.25 0.4 -1 0 0 96.7742
2 6.75 0.4 0.5 0.86 0 96.2963
0.75 1.5 0.4 1 0 0 99.0991
0.75 2 0.4 0.86 0.5 0 95.2381
1.75 6.25 0.4 0.5 0.86 0 94.7368
-2.5 1.5 0.4 -0.86 0.5 0 96.2963
-2.5 7.25 0.4 -0.86 0.5 0 90.9091
2.5 6.25 0.4 0.5 0.86 0 88.8889
1.5 7.25 0.4 -0.86 0.5 0 96
-2.5 1.5 0.4 -0.86 0.5 0 96.2963
1.5 6.25 0.4 -0.49 0.86 0 90.9091
1 2 0.4 1 0 0 98.5507
2 1 0.4 -0.49 0.86 0 94.7368
-2.25 0 0.4 -0.49 0.86 0 92.3077
1 2 0.4 1 0 0 98.5507
1.5 8 0.4 -0.86 0.5 0 90.9091
-2.5 1.5 0.4 -0.86 0.5 0 96.2963
1 2 0.4 1 0 0 98.5507
2 1 0.4 -0.49 0.86 0 95.2381
1 1.25 0.4 1 0 0 97.7778
1.75 5.5 0.4 -0.49 0.86 0 94.7368
-2.75 2 0.4 0.5 0.86 0 93.3333
2 7 0.4 -0.86 0.5 0 97.2973
-2.25 5 0.4 0.5 0.86 0 90.9091
-2.5 7.25 0.4 -0.86 0.5 0 92.3077
1.25 7.75 0.4 -0.86 0.5 0 92.3077
0.25 4.5 0.4 0.86 0.5 0 88.8889
-2.5 3.75 0.4 -0.49 0.86 0 93.3333
0.75 3 0.4 -0.86 0.5 0 97.7778
-2.5 1.5 0.4 -0.86 0.5 0 96.2963
1 2 0.4 1 0 0 98.5507
1.5 5 0.4 -1 0 0 94.1176
2 6.25 0.4 0 1 0 92.3077
0.75 1.5 0.4 1 0 0 99.0991
0.25 5.25 0.4 -1 0 0 88.8889
2 6.75 0.4 0.5 0.86 0 96.5517
1 2 0.4 1 0 0 98.5507
-2 0.25 0.4 -0.49 0.86 0 96.5517
1.25 8.25 0.4 -0.49 0.86 0 95.2381
1.5 3.75 0.4 -0.86 0.5 0 96.5517
2.5 0.75 0.4 -0.49 0.86 0 93.3333
0.75 8.5 0.4 -0.86 0.5 0 96.2963
0.25 4.5 0.4 0.86 0.5 0 88.8889
-2.5 1.5 0.4 -0.86 0.5 0 96.2963
0.75 1.75 0.4 1 0 0 99.0476
1.25 8.25 0.4 -0.86 0.5 0 95.2381
1 2 0.4 1 0 0 98.5507
0.75 2.25 0.4 1 0 0 98.7013
2 6.75 0.4 0.5 0.86 0 96.2963
1 2 0.4 -0.86 0.5 0 90.9091
2 6.75 0.4 0.5 0.86 0 96.2963
0.25 4.5 0.4 0.86 0.5 0 88.8889
2 6.25 0.4 0 1 0 92.3077
-2.25 1.25 0.4 -1 0 0 96.7742
2.5 6.75 0.4 -0.49 0.86 0 93.3333
0.75 8.5 0.4 -0.86 0.5 0 96.2963
1.25 8.25 0.4 -0.49 0.86 0 95.2381
2.25 3.5 0.4 0 1 0 92.3077
2 6.75 0.4 0.5 0.86 0 96.5517
2.5 1.5 0.4 0 1 0 80
1 3.5 0.4 -0.86 0.5 0 96
-2.25 1.25 0.4 -1 0 0 96.7742
0.5 4.5 0.4 0.86 0.5 0 0.199601
0.25 5.25 0.4 -1 0 0 90.9091
0.75 2.25 0.4 1 0 0 98.7342
0.75 2 0.4 0.86 0.5 0 95.2381
1.25 8.25 0.4 -0.49 0.86 0 95.2381
-2.75 8.75 0.4 0.86 0.49 0 0.199601
0.25 0.5 0.4 -1 0 0 90.9091
2 0 0.4 -1 0 0 85.7143
0.25 2.25 0.4 0 1 0 80
1.75 8.5 0.4 -1 0 0 95.6522
-2.25 2.25 0.4 -0.5 -0.86 0 95.2381
1.25 6.5 0.4 0.86 0.49 0 94.1176
2 2.5 0.4 0.49 -0.86 0 93.3333
1.25 6.5 0.4 0.86 0.49 0 94.1176
-2.5 2.25 0.4 0.49 -0.86 0 0.199601
0.25 1 0.4 1 0 0 0.199601
0.25 8.75 0.4 0.86 0.49 0 0.199601
0.25 4.75 0.4 0 1 0 80
-2.25 5.75 0.4 0 -1 0 92.3077
2.25 4.25 0.4 -0.5 -0.86 0 0.199601
1.75 5.25 0.4 -0.86 -0.49 0 92.3077
0.5 -0.25 0.4 0 -1 0 88.8889
-1.75 1.75 0.4 -0.86 -0.49 0 88.8889
-2.75 3 0.4 -0.49 0.86 0 95.6522
1.75 0.25 0.4 0 -1 0 92.3077
